Year,Run 1,Run 2,Run 3,Run 4,Run 5,Run 6,Run 7,Run 8,Run 9,Run 10,Run 11,Run 12,Run 13,Run 14,Run 15,Run 16,Run 17,Run 18,Run 19,Run 20,Run 21,Run 22,Run 23,Run 24,Run 25
2009,5338.404353688021,4977.192076710677,5161.7781268845165,4962.09696667852,4859.6809420716945,4745.548565310239,5066.096050653781,4941.595609308778,4689.550256338744,5171.497749899843,5278.461000136687,5202.574947336009,4996.797145445886,5044.362769128062,4898.8583471616,3646.208851463662,5061.014775983465,4898.320769271002,4922.870825058372,3965.303911982588,5120.158755522239,4588.502853085403,4961.840256547381,5115.040280683942,4871.672268893436
2010,4350.169040541072,3019.8386875425945,4134.5945926713075,4250.49860320267,4346.571106527389,4473.79629484777,4494.830050027828,4130.434613497904,4063.778815155971,4484.696549187545,4317.642996121083,2992.9001745181663,4150.475004680229,4355.807079803635,4175.129801527123,4132.815153061081,3263.355609507837,3981.8444229234037,4170.908294885625,4498.569571376239,4397.525790534516,4314.126762352183,4151.9123504821555,3939.9049722873156,4597.597389794484
2011,4117.856011327732,4230.71570090058,4141.503524470304,4090.5362713017603,4223.078913433839,4167.231812550813,3382.6015463838867,2736.66913376151,4056.3720890110453,3415.5163860498756,3706.2246731451482,4149.728342088703,2596.923700391394,3844.250360817366,4220.874116542409,4310.018564491434,4343.301170289431,3563.6833129640136,4214.36093350706,4203.139559629887,3006.8249927797783,4153.828134078034,4170.917740370788,4225.716019597435,4222.439457780953
2012,3636.121908273978,4079.893435511367,2943.4323082442447,2738.113052407968,3890.406047430255,2836.103209105728,3756.5370996337642,3033.491412334962,4044.9932509494424,3608.0633092119474,3551.6717004403977,4003.9013949135806,4132.424594986542,3965.2123026985482,3750.3786443457157,4301.39935822758,3683.427453036208,4049.2689547215537,3070.833528345015,3987.956315743448,3584.6297318010543,3807.7731159253626,3915.0632780979436,3928.12188150506,3892.8702475087134
2013,3722.6583092066435,3962.1463483964294,3827.630047667691,2529.363556248985,3822.968588187083,3489.2876082643456,3714.0346923133375,4042.1165410308477,3881.753799302111,2894.15602135018,2462.9759972947722,3823.7100985950674,3454.0046730047206,3906.9230608510234,3845.73753080679,3666.87283472022,3773.6002984003017,3730.2730799846304,2875.5606013873685,3803.9799337260174,3908.4423499005175,3884.5778047716904,2973.242605208086,3353.5190079429603,3787.0868329777736
2014,3339.6374125991206,3752.1596310806035,3342.1354759669593,3565.653881415052,3601.5128098552736,3073.685039213849,2407.106393227806,2418.6523493373375,2370.6218039859473,3336.474559651536,3673.3053478600777,2054.636117975917,2593.9542079520675,3323.4283451275974,2845.1380137594856,1695.4637304242026,3075.7316112167514,3798.9825831017592,3049.1097248084734,2877.257711055584,3571.72898556455,1026.6888371564135,3403.107106827802,3765.6897353156564,3800.83189232005
2015,2405.0810835856237,3300.908102847405,3861.37085590729,3124.1777424759257,2908.552660420585,3397.1172093016066,2416.258025326533,4025.348628592654,1960.4247493228747,3266.2973528260964,2864.0841422258964,1676.169504469484,3397.144054268098,2967.4708269325515,2864.1795184625125,3655.819973852123,2620.516745066412,3723.007046869511,4394.739663915155,2748.203435126087,3088.210214993933,2254.2427999281426,2513.6108204122493,2697.8414645822404,2388.3180217882386
2016,3177.106986311356,2086.2788978966005,2977.159274710072,2666.275925974666,2578.77094195473,2757.803809660278,2898.9087861019707,3675.187548053696,3126.14985194606,1497.2761095028707,3516.6872593373564,4147.28137923687,3200.8004489039054,3471.058888312261,1545.7557981277096,3420.450227455726,1685.59516424445,3255.544835964073,3302.6806438284943,2525.0834402468026,2490.4363694731774,1739.5101881167805,3103.699020846159,2200.4561706996033,3783.0462904713036
2017,2997.797563059047,3137.5949629515835,2201.5183800348013,2212.2880697462588,1773.6820758659542,1604.5597187476885,3464.686257525113,2155.4163841981276,1585.072009502185,3970.0325834398063,2498.9583133821197,3387.2363201458015,1534.868404209549,1569.1423463258336,2730.418885772962,3716.330408565671,2300.4925541067832,1584.5331134590003,2958.1815213939535,4066.606536405134,1770.381429853179,3570.654575384587,2766.0680274544457,1267.3351217521383,2156.3838701600816
2018,1564.366285972447,3352.94498709444,2571.026744949501,3325.3366926187887,1144.2348150482935,3362.0406216166675,1578.3071080869493,1371.2667859326064,2547.9785963303366,1687.2950362979773,2332.543867915161,2207.6089308635196,2738.9920272731006,3054.0299703951487,2799.869003035895,1411.4954344561068,2801.7133764159175,2520.0960161214875,3107.3418955461852,1700.529399290919,2789.519227049854,3502.3150053441354,1746.1823985555989,3844.929224427061,1961.6123878998646
2019,1088.5499032176235,3536.610881972781,2343.198358247331,3181.622891729101,3086.051673693123,2432.1822647326976,2724.05197756468,2851.0352944546735,1447.0571326722404,3978.12399369953,3410.0617227668386,2898.7893277723447,1213.7045162184218,2282.407840597467,2204.39947322322,2033.108002697606,2566.6003204723747,1604.6210528341865,1689.221297294647,2235.539910404001,2529.3202812721283,1818.9241778953053,1730.114825871472,3822.151365821733,1767.6990580512904
2020,2642.4403576832465,2795.092711701278,2261.0604417648456,3367.5579847421805,2748.3416208075055,3102.992618480316,3138.34223054644,2393.6671908827825,2766.7550355951844,1508.6977860395189,1614.4972031423242,1371.4075983177854,1886.894591187791,2850.9954624104803,2665.482072544512,2932.1684863003834,3451.7549745160927,1914.106620216969,2824.170568428157,1719.5279928070142,1617.6039983741018,4036.835463273006,1828.6643938613245,2490.5756463842827,2358.0349807284215
